10 10
4 -1 -9 0 8 -5 5 2 -3 -7
8 -6 -8 -9 4 1 0 2 -1 -8
-9 6 -2 2 -1 -1 -5 -2 6 -10
10 1 0 -8 9 -4 2 3 -6 1
-9 -9 7 5 -2 4 -9 4 -3 -6
1 -5 -9 10 2 -10 10 -3 -9 3
-8 2 -6 5 -7 5 -6 -2 -9 1
5 4 -1 6 -5 3 -3 3 4 7
8 5 -2 4 1 3 -1 -5 5 4
1 -4 3 0 -3 6 8 3 8 -1
10 10
6 9 7 9 9 0 3 -1 -4 -5
-2 2 0 0 2 -7 9 10 -10 -3
3 -8 4 2 0 -7 -2 -1 3 1
6 -9 -5 0 3 -4 -4 6 7 -9
-6 1 6 -2 6 10 6 0 -9 -9
-8 -3 9 -2 2 -7 8 -4 -5 10
-5 -1 -2 -2 2 -4 -9 7 -1 -2
-1 -8 -5 5 4 10 6 8 3 6
-5 2 1 3 -4 -5 2 3 -6 1
5 9 -3 8 8 2 5 6 -3 -1
10 10
-7 -6 -7 6 6 1 7 6 -7 -1
1 -9 -10 4 1 0 8 0 0 10
-2 -2 -7 -6 -8 -8 0 4 6 7
4 -10 -8 -8 10 9 -2 0 3 -4
-2 3 -4 -1 3 -9 5 -3 -2 -4
2 8 -2 9 -5 10 2 6 9 -6
8 -1 4 0 1 -9 -4 5 -4 -6
-6 -5 -1 2 -10 8 9 10 9 -7
-3 6 -10 3 -9 10 -2 -5 -9 5
0 -2 -6 -2 3 10 5 -2 -8 -5
10 10
-6 -10 1 -3 1 3 4 4 -8 9
1 -5 -6 7 1 -6 -8 0 -8 0
4 4 5 10 -1 -10 -3 5 2 4
9 -10 -1 3 -5 -1 7 5 8 -5
5 5 -2 4 6 3 7 2 -1 -3
-7 6 -5 3 -7 1 8 3 9 5
-9 0 7 -6 0 -5 0 7 -5 -4
0 8 6 1 8 1 1 8 8 -3
-7 6 -10 -5 -8 -6 -6 3 -4 6
-9 4 2 4 0 -7 5 -2 -7 -8
